217
359
566
285
43
44
112
691
335
153
37
377
432
683
676
235
290
837
101
73
528
750
149
538
144
479
660
266
679
253
682
453
206
450
644
382
175
159
504
20
97
809
281
596
308
190
211
255
586
408
638
674
259
227
274
219
515
534
662
375
821
417
390
383
372
631
210
739
727
373
784
475
838
325
296
553
474
163
488
230
397
312
562
583
655
614
343
551
125
424
496
619
283
770
207
293
63
518
500
502
201
11
320
476
4
731
753
46
790
55
594
182
803
269
607
61
21
239
477
291
282
305
646
93
380
765
433
148
249
643
544
38
530
702
238
556
721
696
645
271
99
147
797
389
197
743
663
260
2
527
106
746
592
442
324
497
810
573
85
465
395
561
23
351
420
588
825
618
9
79
346
705
344
695
200
714
114
506
677
53
693
587
81
388
340
348
376
543
224
91
678
358
45
833
302
764
808
470
275
628
161
647
270
236
328
25
3
83
658
796
769
284
434
734
228
216
601
332
669
605
82
413
536
824
258
16
795
301
642
554
129
778
710
791
828
419
203
394
471
458
766
526
473
580
77
627
326
244
36
623
118
221
84
8
489
555
29
748
47
137
56
127
654
208
402
492
307
651
411
656
178
35
379
139
187
510
460
761
31
345
657
541
593
34
585
606
565
578
723
186
516
571
595
294
173
830
396
499
363
520
467
204
725
62
170
481
311
68
158
781
800
336
370
315
233
131
439
123
542
119
783
130
121
557
564
457
740
430
581
107
772
392
755
60
569
480
155
558
650
306
423
406
507
64
191
111
39
591
455
835
728
41
157
371
154
369
759
354
257
399
167
730
444
429
545
193
86
735
316
76
401
368
716
357
622
604
273
104
70
138
625
220
80
75
209
490
72
265
13
806
673
811
425
313
188
89
436
252
446
719
718
648
242
754
32
267
698
431
404
152
635
688
509
685
116
385
264
146
665
128
42
435
532
19
461
701
600
317
337
360
303
381
366
196
218
572
751
124
548
747
815
88
729
443
805
279
788
110
597
261
697
834
782
321
459
180
398
539
711
807
54
94
666
608
90
120
636
240
839
827
831
517
391
40
822
134
787
6
712
582
535
584
445
405
183
314
132
549
256
333
400
280
708
537
342
421
202
498
609
720
713
341
195
793
87
794
686
758
102
192
613
513
575
464
415
318
736
213
776
639
300
684
386
495
185
58
817
229
508
378
234
272
533
792
278
487
523
483
403
522
355
801
484
145
672
162
814
819
598
699
611
151
98
362
334
653
268
247
836
352
223
692
511
826
181
141
744
194
610
472
232
438
733
681
577
299
466
309
737
690
407
451
428
304
493
323
620
820
760
310
486
136
169
387
52
675
829
616
670
74
563
225
189
742
804
171
92
668
799
640
48
5
637
184
108
418
680
17
703
602
276
709
552
633
652
531
384
166
452
717
524
393
738
96
617
745
69
579
456
612
768
715
14
559
756
26
629
250
172
226
700
199
437
117
18
263
113
27
262
295
447
427
630
245
150
205
802
115
574
832
95
482
329
626
140
212
576
292
286
724
156
771
454
785
288
560
0
632
505
67
529
28
133
179
641
546
33
347
752
254
49
409
287
777
289
540
298
779
426
687
468
521
374
214
